5.846171886658224626e-01 7.453093671466524128e-01 1.000000000000000000e+00
-3.112420723509972120e-01 -8.151897657169302480e-01 0.000000000000000000e+00
3.685163343466522079e-01 6.568771521238132571e-01 1.000000000000000000e+00
6.548966890872831570e-02 -7.220998579905182346e-01 0.000000000000000000e+00
-6.305879380191092842e-01 4.494431953783890599e-01 1.000000000000000000e+00
-7.902376355984452871e-02 9.505768877726425981e-01 1.000000000000000000e+00
5.141027619416997929e-01 -6.399120618653508785e-02 0.000000000000000000e+00
3.483149329650503390e-02 -9.018231125493152422e-01 0.000000000000000000e+00
-5.445186022254231428e-01 -5.753042075686563006e-01 0.000000000000000000e+00
-4.089862378592636905e-01 1.229300544344922308e-01 1.000000000000000000e+00
-4.006758037995157284e-01 -5.483073599210297466e-01 0.000000000000000000e+00
-3.633055771781317222e-01 3.976116147071984130e-01 1.000000000000000000e+00
8.062626789690792162e-01 2.359069004488438814e-01 0.000000000000000000e+00
-7.529113639025544202e-01 -6.527083306596239698e-01 0.000000000000000000e+00
3.822526242225485760e-01 -5.170783990049780954e-01 0.000000000000000000e+00
-9.420187719883155175e-02 -8.630304653932858727e-01 0.000000000000000000e+00
2.322670867915326287e-01 -1.438802460488650681e-01 0.000000000000000000e+00
-2.177195309417578883e-01 6.086049900199146379e-01 1.000000000000000000e+00
-5.584223773164742610e-02 1.849823367793757001e-01 1.000000000000000000e+00
3.176634193798981709e-01 -4.792436460462758951e-01 0.000000000000000000e+00
-3.026115097822486000e-01 7.770539740653696903e-01 1.000000000000000000e+00
6.474065152676347079e-01 -6.702457089591029593e-02 0.000000000000000000e+00
8.587246194918882747e-01 -3.352435814783982782e-01 0.000000000000000000e+00
-1.908098068928807400e-01 8.711406890416804050e-01 1.000000000000000000e+00
-3.894084937528874413e-01 -1.552586401037301389e-01 1.000000000000000000e+00
-2.317469300900911744e-01 3.750033435712301078e-01 1.000000000000000000e+00
-1.399107822211775876e-01 -1.185581624172091786e-01 1.000000000000000000e+00
5.306970574157281462e-01 -5.333087561769678242e-01 0.000000000000000000e+00
-7.655163937051479017e-01 6.256456336138103147e-01 1.000000000000000000e+00
5.071307336979691271e-02 -2.709111434362867499e-01 0.000000000000000000e+00
2.392966323826997144e-01 -4.969599115399563338e-01 0.000000000000000000e+00
-2.678837724674392184e-01 6.978116481668563686e-01 1.000000000000000000e+00
-6.112721220600980665e-02 -3.487126283495611823e-02 1.000000000000000000e+00
6.342046205765992095e-01 -6.838422141971640666e-01 0.000000000000000000e+00
9.352893882674062631e-02 -4.011063377041450551e-01 0.000000000000000000e+00
7.468613297272617135e-01 2.050310438945148750e-01 0.000000000000000000e+00
2.707290022350063996e-01 -8.374730070018281403e-01 0.000000000000000000e+00
-3.624064425274757806e-01 3.259855751693125914e-01 1.000000000000000000e+00
3.342209114184613306e-01 6.967651012086015783e-01 1.000000000000000000e+00
6.123375775632831086e-01 -4.706057476649807558e-01 0.000000000000000000e+00
-7.747905947438611385e-01 4.072446056857783603e-01 1.000000000000000000e+00
3.183430225363725885e-01 1.788763062078915222e-01 0.000000000000000000e+00
-8.043446245393524041e-01 5.449976922308641392e-02 1.000000000000000000e+00
-3.675205751074250848e-01 2.988835060070247351e-01 1.000000000000000000e+00
2.544161151546906474e-01 4.634447462114699157e-02 0.000000000000000000e+00
1.773845761669003984e-01 -1.651829113312219821e-01 0.000000000000000000e+00
8.135904720112518973e-02 7.190167998254803905e-02 0.000000000000000000e+00
-8.943674197567219597e-01 -4.089535907152748173e-01 0.000000000000000000e+00
-3.048848136397830366e-02 1.902610479688571221e-01 1.000000000000000000e+00
-6.952114279104462113e-01 2.550271276719962010e-02 1.000000000000000000e+00
8.903907792551690736e-01 -2.567511437336689184e-01 0.000000000000000000e+00
-6.832758352656176370e-01 6.570005436741244154e-04 1.000000000000000000e+00
6.703023576529187899e-02 8.723249234983365685e-01 1.000000000000000000e+00
-1.474370486380696121e-01 -2.103716330301257376e-01 1.000000000000000000e+00
-5.754020450678201115e-01 -4.384352757324467831e-01 1.000000000000000000e+00
-7.386921942481159409e-01 1.307044217991422119e-01 1.000000000000000000e+00
2.882701734145376449e-01 5.823495751109184493e-01 1.000000000000000000e+00
5.699369972157637410e-01 5.267390643830549557e-02 0.000000000000000000e+00
-2.054857378948804492e-01 3.445493560227268492e-01 1.000000000000000000e+00
-6.808100141312665166e-01 2.567806117188455861e-01 1.000000000000000000e+00
7.117666271453617632e-01 5.390065384309150609e-02 0.000000000000000000e+00
4.794669211683180166e-01 -8.537526188146740136e-01 0.000000000000000000e+00
4.193217250394032369e-02 -3.007296657810536455e-01 0.000000000000000000e+00
5.304661551208189607e-01 -6.592118332779146606e-01 0.000000000000000000e+00
-7.985118077932809033e-01 3.517263717874501427e-01 1.000000000000000000e+00
-6.830474478089698653e-01 -2.964170378138970552e-01 1.000000000000000000e+00
8.925607886076041275e-01 -3.616908601885049368e-01 0.000000000000000000e+00
2.413784434396339940e-01 5.898310324520943393e-01 1.000000000000000000e+00
-6.623690019653243333e-01 3.985039673172690033e-01 1.000000000000000000e+00
1.200192143203078210e-01 7.162090872140749465e-01 1.000000000000000000e+00
-4.348871356122077092e-01 8.130063420306721245e-01 1.000000000000000000e+00
-6.638419460399040961e-01 -2.288586554186355926e-01 1.000000000000000000e+00
-2.991924572761788248e-01 -5.224814526259846659e-01 0.000000000000000000e+00
1.977472894589591412e-01 8.285912044405798760e-01 1.000000000000000000e+00
-3.539300693253544239e-01 -3.135242416337544746e-01 1.000000000000000000e+00
-7.741094109927528777e-01 -5.730759684122397335e-01 0.000000000000000000e+00
-1.873810570547089771e-01 3.591308189710100685e-01 1.000000000000000000e+00
1.428309979389206230e-01 2.948586213441071191e-01 0.000000000000000000e+00
-8.529632514149516620e-01 -5.318670152417825925e-02 1.000000000000000000e+00
5.939586687860183289e-01 -3.030013477336186423e-01 0.000000000000000000e+00
-7.070579717945089104e-01 2.933748009224950160e-01 1.000000000000000000e+00
-1.123967386546256275e-01 7.653236724074496955e-02 1.000000000000000000e+00
-3.491978884258783999e-01 4.086399578967387924e-01 1.000000000000000000e+00
-7.263669728438815199e-02 4.680120333635577889e-01 1.000000000000000000e+00
2.045621584717418617e-01 1.487747452974788054e-01 0.000000000000000000e+00
-6.879508963716851611e-02 7.127169001207045440e-01 1.000000000000000000e+00
-7.276247209533530658e-01 5.671517876668665803e-01 1.000000000000000000e+00
5.977163690714966116e-01 -7.355573610873846757e-01 0.000000000000000000e+00
5.644723467136665285e-01 5.285675854890174996e-01 1.000000000000000000e+00
8.243624023582638571e-01 5.335492930471248396e-01 1.000000000000000000e+00
-2.252264764785922857e-01 -1.299325462363507544e-01 1.000000000000000000e+00
7.037878970709363635e-01 1.338717171907519710e-01 0.000000000000000000e+00
-3.231083389493538682e-02 -1.041646981184523035e-01 1.000000000000000000e+00
5.632115125788466070e-01 6.629409299801838351e-01 1.000000000000000000e+00
-3.556880216503499614e-01 -7.768574733521569353e-01 0.000000000000000000e+00
-6.347347404362801981e-02 9.326878299033183328e-01 1.000000000000000000e+00
-5.784687937579713335e-01 3.277149630349922571e-01 1.000000000000000000e+00
4.150070193256951701e-01 -8.023420319236254095e-01 0.000000000000000000e+00
-9.126190830168456891e-01 -4.051768893656677584e-01 0.000000000000000000e+00
-2.931502010432542882e-01 -7.959768380307508107e-01 0.000000000000000000e+00
-5.234305993186689765e-01 2.018984347707397653e-02 1.000000000000000000e+00
7.255988341571550926e-01 -5.474404841703928160e-01 0.000000000000000000e+00
-6.105456163602862585e-01 -6.739468850976262360e-01 0.000000000000000000e+00
-1.881916706777053694e-01 -5.156799502328210938e-01 0.000000000000000000e+00
1.008361831512447626e-01 -4.812390875467551510e-01 0.000000000000000000e+00
-3.230152833922870226e-01 3.880624801808691959e-01 1.000000000000000000e+00
3.764152965547118423e-01 -1.614573902525311411e-01 0.000000000000000000e+00
3.845918755113268972e-01 -8.684726147715233768e-01 0.000000000000000000e+00
1.276910873215664211e-02 6.640315151686926320e-01 1.000000000000000000e+00
-1.842675069768335838e-01 -2.008775371635596052e-01 1.000000000000000000e+00
6.309246709951827903e-01 -2.173717500807679226e-01 0.000000000000000000e+00
5.797618126308616837e-01 -7.648903705311276280e-01 0.000000000000000000e+00
-2.013765850106807864e-01 6.859904305411803627e-01 1.000000000000000000e+00
-7.731221793780163054e-03 -6.271678946132648313e-01 0.000000000000000000e+00
2.176064070249983384e-01 -1.634832723712080771e-01 0.000000000000000000e+00
4.175555357791391753e-01 -2.848894975666567131e-01 0.000000000000000000e+00
-8.872341787329760532e-01 -1.010621606207011691e-01 1.000000000000000000e+00
7.915262821950863614e-01 -2.434647391128370586e-01 0.000000000000000000e+00
-2.959801188088646562e-01 -7.786982549882532911e-01 0.000000000000000000e+00
-9.474795866932206323e-02 9.700529101317141301e-01 1.000000000000000000e+00
-1.716074864944785450e-01 -7.480104415308408417e-01 0.000000000000000000e+00
-8.705327258476769359e-02 -4.270339465505428311e-01 0.000000000000000000e+00
1.283218409124153858e-01 3.531135508924114763e-01 1.000000000000000000e+00
1.216238249051000420e-01 5.436321618552495405e-01 1.000000000000000000e+00
-1.201004952352313637e-02 -1.892155622976001705e-01 0.000000000000000000e+00
5.933418413628146482e-01 4.527490843939661058e-01 0.000000000000000000e+00
-3.733799126099577315e-01 -1.485721494078917626e-01 1.000000000000000000e+00
-1.056113301658989645e-01 -8.861525634212872315e-01 0.000000000000000000e+00
-2.173328049263199002e-01 4.383685598111597415e-01 1.000000000000000000e+00
9.994184616662260545e-02 -1.471917154027315711e-01 0.000000000000000000e+00
6.634797972728228022e-01 1.591936585887090416e-01 0.000000000000000000e+00
-2.871685200721318942e-02 -1.292066815336534447e-02 1.000000000000000000e+00
-3.503562642115154446e-03 -8.592987815844956856e-01 0.000000000000000000e+00
7.190626782631528435e-01 -5.142271242128622077e-01 0.000000000000000000e+00
1.844883486389292671e-02 9.499599307622934585e-01 1.000000000000000000e+00
3.449576177397408738e-01 5.680726949593410957e-01 1.000000000000000000e+00
-2.953430674192019101e-01 4.952686414057660969e-03 1.000000000000000000e+00
-5.950976950098212370e-01 1.634236912016397980e-01 1.000000000000000000e+00
1.323839409024343272e-01 -5.880785063189737372e-01 0.000000000000000000e+00
2.357024148707866917e-01 4.136850393328175279e-01 0.000000000000000000e+00
7.481897057689133046e-01 5.234089884069890175e-01 1.000000000000000000e+00
7.639791183872408631e-01 -1.694220753159934034e-01 0.000000000000000000e+00
2.432410366995372275e-01 9.128559961226836439e-01 1.000000000000000000e+00
1.353675894556405357e-01 -5.375485213878425927e-01 0.000000000000000000e+00
-3.849635303253413632e-01 5.670888280268819859e-01 1.000000000000000000e+00
-6.648366741495939092e-01 -1.997294947175642932e-01 1.000000000000000000e+00
1.758608712834741628e-01 -3.024987698001546654e-02 0.000000000000000000e+00
-9.418155396342402508e-01 5.583590293669615789e-04 1.000000000000000000e+00
1.193487258604211121e-01 8.337410109814575865e-01 1.000000000000000000e+00
6.839258558181977588e-01 -2.926278148940588686e-01 0.000000000000000000e+00
2.399018765852689583e-02 4.400910276385545661e-01 1.000000000000000000e+00
-2.724675091830270901e-01 1.599190764315621127e-01 1.000000000000000000e+00
1.268226218762147361e-02 1.470983140968649128e-01 1.000000000000000000e+00
2.391827105376429508e-01 7.786944890625042692e-01 1.000000000000000000e+00
-1.393972837712675883e-01 1.821304565419956667e-02 1.000000000000000000e+00
5.388261830710709965e-01 -2.659924469495056343e-02 0.000000000000000000e+00
5.182032929285107503e-01 -1.495341731338495350e-01 0.000000000000000000e+00
-2.118352170513189137e-01 -7.996470243737503480e-01 0.000000000000000000e+00
4.447401480390964501e-01 2.402921040650742857e-01 0.000000000000000000e+00
-4.229805281160587960e-01 -4.788210404771637840e-01 1.000000000000000000e+00
4.925446328418223718e-01 2.743584850202831493e-01 0.000000000000000000e+00
4.648251845435400487e-01 -7.410058426782339946e-01 0.000000000000000000e+00
-8.621328114711466206e-01 -1.094517761865796412e-01 1.000000000000000000e+00
-1.872990845611202104e-01 -2.869681385331075418e-01 1.000000000000000000e+00
5.116642776752189370e-02 5.497175182296016871e-01 1.000000000000000000e+00
9.684378230514434360e-01 2.240004112762707944e-01 1.000000000000000000e+00
-4.310323204041113243e-01 7.499263606428145934e-01 1.000000000000000000e+00
9.475016510266611736e-01 -4.711838337295803925e-02 0.000000000000000000e+00
9.414099370320374582e-01 2.964621980579686955e-01 1.000000000000000000e+00
5.530800775865061247e-01 5.377495448670672751e-01 1.000000000000000000e+00
4.110400055562875021e-01 8.018860294315088844e-02 0.000000000000000000e+00
-2.435589561901596589e-02 7.542409911527006017e-01 1.000000000000000000e+00
3.832721190801970934e-01 -5.131535260209061367e-01 0.000000000000000000e+00
9.010223764949132352e-02 2.708609299555611027e-01 0.000000000000000000e+00
2.362369741814667190e-01 4.720465897876777728e-01 1.000000000000000000e+00
1.150235149230567355e-01 -5.721277171812799711e-01 0.000000000000000000e+00
9.870437170282346795e-01 -1.335900867203096976e-01 0.000000000000000000e+00
-4.402888075963389269e-01 -5.727426731739257981e-01 0.000000000000000000e+00
5.275661276522396470e-01 8.415486341998443809e-01 1.000000000000000000e+00
-5.321554356480395764e-01 -1.561002654779193310e-01 1.000000000000000000e+00
2.227204945831282590e-01 -8.724745758280092467e-01 0.000000000000000000e+00
2.744917489583900139e-01 5.373968388484076097e-01 1.000000000000000000e+00
7.898482965327497940e-01 4.075017099997610970e-01 1.000000000000000000e+00
6.547344880454311067e-01 2.340784543513230176e-01 0.000000000000000000e+00
-3.054908241961242776e-01 7.805297104550950049e-01 1.000000000000000000e+00
7.767208532386746800e-01 2.127148744278637427e-01 0.000000000000000000e+00
-6.026109369408547689e-01 -4.707975327591216175e-01 1.000000000000000000e+00
-2.134886539551545948e-01 8.891343149619346242e-02 1.000000000000000000e+00
4.580624726367596988e-01 6.336809218132255506e-01 1.000000000000000000e+00
7.851621508254058579e-01 -2.854661540293994548e-01 0.000000000000000000e+00
-4.549301264377589860e-01 1.540069156862737820e-01 1.000000000000000000e+00
-1.911981950037968669e-01 6.983346759573390017e-01 1.000000000000000000e+00
-4.677225524888959374e-01 1.779259118632885439e-01 1.000000000000000000e+00
-4.900667931528281951e-01 5.007014347425351453e-01 1.000000000000000000e+00
6.247860386309289638e-02 -1.496978124813974631e-03 0.000000000000000000e+00
1.313878406448385494e-01 -9.205562222265795125e-01 0.000000000000000000e+00
7.890617154181418513e-01 1.926857400383674701e-01 0.000000000000000000e+00
-4.594686805224212911e-01 3.073546530896451578e-01 1.000000000000000000e+00
-7.292933545845703414e-01 -2.127550719737330009e-01 1.000000000000000000e+00
-3.565739237106657633e-02 2.254739693725522631e-01 1.000000000000000000e+00
7.695901670357565560e-01 -2.890098231791102812e-01 0.000000000000000000e+00
-3.722112150449867762e-01 6.028000540532996165e-01 1.000000000000000000e+00
5.538545972999275868e-02 4.450789668078587447e-01 1.000000000000000000e+00
4.062153674086730337e-01 -8.164020958116022797e-01 0.000000000000000000e+00
8.339576495431999525e-02 6.304495701610244307e-01 1.000000000000000000e+00
-8.681524317952868941e-01 -3.566634465157010325e-01 0.000000000000000000e+00
9.730600390653076914e-02 6.556602831971700684e-01 1.000000000000000000e+00
-1.130017936523233235e-01 -8.069780405531568057e-01 0.000000000000000000e+00
4.788693564649215695e-01 8.592248746682700222e-01 1.000000000000000000e+00
-9.447023186694947228e-02 -4.271735999258743366e-01 0.000000000000000000e+00
7.522831463697201571e-01 3.957870359298429896e-01 0.000000000000000000e+00
7.766950283998761417e-01 -1.376940202256728973e-01 0.000000000000000000e+00
4.019032448617338993e-01 2.090226332192866021e-01 0.000000000000000000e+00
-2.963655578251700451e-01 8.474257698383160786e-01 1.000000000000000000e+00
-6.516488187001578947e-01 2.401522237096853640e-01 1.000000000000000000e+00
5.314938544022380640e-01 -2.927668415203219521e-01 0.000000000000000000e+00
-2.054505500975523091e-01 -2.642511856054057251e-01 1.000000000000000000e+00
-3.065472491443168579e-01 -8.795267510941993105e-01 0.000000000000000000e+00
2.830997419477288002e-01 9.405372527734412458e-01 1.000000000000000000e+00
2.868156334830556098e-01 2.918317847091347339e-01 0.000000000000000000e+00
4.426444013906378760e-01 1.275385257607859479e-01 0.000000000000000000e+00
2.186152990612251212e-01 -8.127451596183719040e-01 0.000000000000000000e+00
3.614480463517986131e-01 -8.094787188304630732e-02 0.000000000000000000e+00
-4.149125119616239310e-01 5.647532674588171542e-01 1.000000000000000000e+00
-3.226548039980825511e-01 7.099476974257077355e-01 1.000000000000000000e+00
3.353491096003637928e-01 -7.859177776806922644e-01 0.000000000000000000e+00
-7.066502279260733488e-02 4.375623106028350140e-01 1.000000000000000000e+00
-9.228790061167886360e-01 2.172681861210123966e-01 1.000000000000000000e+00
5.130314067235877129e-01 -2.058662384733500605e-01 0.000000000000000000e+00
7.614025609712820053e-01 5.744853498629811650e-01 1.000000000000000000e+00
-2.080277486026471667e-01 -4.681823153927682224e-01 0.000000000000000000e+00
-4.231765461467502654e-01 -4.998609664048609957e-01 0.000000000000000000e+00
7.927657184014837988e-01 4.889903643914728093e-01 1.000000000000000000e+00
6.478959440609035614e-01 -7.244515278986374263e-01 0.000000000000000000e+00
-8.851693172335191040e-01 1.707040208026768813e-01 1.000000000000000000e+00
1.439189259294595402e-01 -5.338408407042634085e-01 0.000000000000000000e+00
3.762063507399846518e-01 6.532837086728582321e-03 0.000000000000000000e+00
-6.531520868344071751e-01 -1.734750396966746600e-01 1.000000000000000000e+00
-1.946327374363077123e-01 -5.391577670604896788e-02 1.000000000000000000e+00
1.736793864271741761e-01 6.584732115777562900e-01 1.000000000000000000e+00
-8.068766541884555554e-01 1.049586478922150956e-01 1.000000000000000000e+00
8.798448465129602436e-01 4.120265673020022668e-01 1.000000000000000000e+00
-4.762365564909893934e-01 -3.380852987056055525e-01 1.000000000000000000e+00
-4.716423901158861565e-01 -8.450522498467460952e-01 0.000000000000000000e+00
5.131935688131394890e-02 -1.652241317213622995e-01 0.000000000000000000e+00
1.219331460980945803e-01 -1.176236642279893108e-01 0.000000000000000000e+00
-8.822426623876631346e-01 1.012106561167054330e-01 1.000000000000000000e+00
-7.845526433441958325e-01 -2.090336626883981808e-01 1.000000000000000000e+00
-5.227687107535869959e-01 -8.233856002033497212e-01 0.000000000000000000e+00
-7.679902158424782854e-01 1.227755586118481901e-01 1.000000000000000000e+00
4.077240957206846872e-01 -4.448995911934003900e-01 0.000000000000000000e+00
5.699846285924854428e-01 -6.015452996131331886e-02 0.000000000000000000e+00
4.905647495160010418e-01 -7.128448793868227273e-01 0.000000000000000000e+00
6.420724676466402769e-01 1.982693970646007831e-01 0.000000000000000000e+00
-1.736148103000130227e-01 -3.336416610840720054e-03 1.000000000000000000e+00
-3.994094211429650709e-01 1.946475969026433273e-01 1.000000000000000000e+00
3.759499700313493342e-01 5.109080837767936423e-01 1.000000000000000000e+00
-1.957714723699697235e-01 2.830650301647694711e-01 1.000000000000000000e+00
-2.674255049586182764e-04 5.795500781070375140e-01 1.000000000000000000e+00
1.832137354652245698e-01 3.671096824574302531e-01 0.000000000000000000e+00
4.735758639660221370e-01 1.193310190672463023e-01 0.000000000000000000e+00
8.347388902518604326e-02 -5.941861676748372290e-02 0.000000000000000000e+00
-3.998343293667099285e-01 -1.631697073121283204e-01 1.000000000000000000e+00
-4.192245289780944795e-01 6.663037422942408305e-01 1.000000000000000000e+00
-5.065181864844261472e-01 -2.735163337483557111e-01 1.000000000000000000e+00
-6.034394552666946243e-01 7.883304923986746982e-01 1.000000000000000000e+00
-8.992182674711091117e-01 -6.709503806766869971e-02 1.000000000000000000e+00
6.497947797996681540e-01 3.144628003818856765e-01 0.000000000000000000e+00
-6.715666413532619394e-01 -5.198249233476874842e-01 0.000000000000000000e+00
3.225017870606980974e-01 -3.462114930558524151e-01 0.000000000000000000e+00
-5.227474042166171397e-01 5.065024915743039369e-01 1.000000000000000000e+00
1.372605891956433233e-01 4.732167863017100462e-01 1.000000000000000000e+00
-7.726972222828181192e-01 3.952874540628676936e-01 1.000000000000000000e+00
1.932253548796305509e-01 -3.739931304771102472e-01 0.000000000000000000e+00
-2.578285203380406010e-01 2.672743825132022355e-01 1.000000000000000000e+00
-4.941719135356823500e-01 -1.453174168248232423e-01 1.000000000000000000e+00
-7.587829343745111643e-02 -9.541656181388857849e-01 0.000000000000000000e+00
8.973657084382347104e-01 -1.207701918501091765e-01 0.000000000000000000e+00
1.066300332213450108e-01 -3.900862476274500334e-01 0.000000000000000000e+00
-7.610830437621791678e-01 -6.361041479604965243e-01 0.000000000000000000e+00
7.015919720973891049e-01 -2.836027909079088527e-01 0.000000000000000000e+00
-3.204804365888658246e-01 -6.715720331388919107e-01 0.000000000000000000e+00
-3.320268622863320473e-02 -1.709600742961985276e-01 1.000000000000000000e+00
-9.066895191578867585e-01 1.198041308116553072e-01 1.000000000000000000e+00
-4.011603739843490057e-01 -8.126669640510724157e-01 0.000000000000000000e+00
-8.534476843019018766e-01 1.916164866933776079e-01 1.000000000000000000e+00
7.496726396329813635e-01 -6.057879809019286466e-01 0.000000000000000000e+00
1.601384070432829709e-01 -9.021196215794078377e-01 0.000000000000000000e+00
3.835095656887732574e-02 6.518324317873180895e-02 0.000000000000000000e+00
-4.119817266164742531e-01 -6.045152534559843360e-01 0.000000000000000000e+00
4.290678947015242883e-01 1.008188701868126813e-01 0.000000000000000000e+00
-8.541081593037107567e-01 -3.296088755371506807e-02 1.000000000000000000e+00
-1.540443535190616497e-01 -5.680002452059564888e-01 0.000000000000000000e+00
7.463128463027002280e-01 4.259688544864470572e-01 0.000000000000000000e+00
2.918910297871935011e-01 5.886706844289029128e-01 1.000000000000000000e+00
8.823861937161436853e-01 1.930368152074761756e-01 0.000000000000000000e+00
-4.470525840718808652e-02 -1.763131543392582046e-01 1.000000000000000000e+00
8.982091021073284054e-01 8.366656076949241516e-02 0.000000000000000000e+00
-1.882456998355415134e-01 4.020199415158811629e-01 1.000000000000000000e+00
1.695755605896682727e-01 -4.687663984917900262e-01 0.000000000000000000e+00
-4.227282514284813608e-02 9.593841086695673592e-01 1.000000000000000000e+00
2.556989189539065066e-01 -8.589510063598735368e-01 0.000000000000000000e+00
4.346888936855650698e-01 -7.317691667755241713e-01 0.000000000000000000e+00
-3.089108298778926454e-01 -8.405745797496468885e-01 0.000000000000000000e+00
2.339804145474693176e-01 -4.783384738178588780e-01 0.000000000000000000e+00
1.834037707166502607e-01 -6.951278703338692466e-01 0.000000000000000000e+00
2.810277869822557228e-01 -4.305679096214747315e-01 0.000000000000000000e+00
3.039263157181977260e-01 -6.623511693908772369e-01 0.000000000000000000e+00
1.222970351224073049e-02 -3.195348322470379365e-01 0.000000000000000000e+00
1.409232357057146334e-01 1.777825697853323561e-01 0.000000000000000000e+00
6.344444639423043597e-01 7.484997995068050081e-01 1.000000000000000000e+00
-1.434102538521846437e-01 -2.836762545615956199e-02 1.000000000000000000e+00
-7.317247408212002036e-01 1.208366937342282288e-01 1.000000000000000000e+00
-6.911906309271111937e-01 2.190295645452398077e-01 1.000000000000000000e+00
9.414003455654791352e-01 2.487694302331509011e-01 1.000000000000000000e+00
-1.036417495555230772e-01 -4.263570960319389425e-01 0.000000000000000000e+00
-1.068711177233971910e-01 -9.108739789284170385e-03 1.000000000000000000e+00
-6.814325880132334756e-01 6.912511441987279071e-02 1.000000000000000000e+00
4.621568499304791189e-01 2.712052288374908748e-01 0.000000000000000000e+00
-7.800601156215212217e-01 -3.957501311709643588e-02 1.000000000000000000e+00
1.889550433971496357e-01 5.053562437861811585e-01 1.000000000000000000e+00
-1.139755158112509825e-01 -5.637481153396486366e-01 0.000000000000000000e+00
-8.655352875887167841e-02 -6.524893154228070813e-01 0.000000000000000000e+00
-4.107167805925193704e-01 5.432958186185945504e-01 1.000000000000000000e+00
8.341907284232665809e-01 -3.503672652967004808e-02 0.000000000000000000e+00
-9.592642347388613544e-02 -7.951591654277585519e-01 0.000000000000000000e+00
1.226951758669077019e-01 -3.307284135186576712e-01 0.000000000000000000e+00
-4.361991916947833836e-01 -8.338093786721842982e-01 0.000000000000000000e+00
9.655864270583243147e-01 1.487018469875143190e-01 0.000000000000000000e+00
-6.928668380676681338e-01 -4.406474860064928389e-01 1.000000000000000000e+00
-1.604520790640018291e-02 8.452938495642481342e-02 1.000000000000000000e+00
4.651263117549140347e-01 2.881859992728725839e-01 0.000000000000000000e+00
-1.904473799038413073e-01 -2.545793316999445111e-03 1.000000000000000000e+00
6.476453791192668952e-01 1.208179805200082502e-01 0.000000000000000000e+00
-6.616315074965724019e-01 -6.267967290154283777e-01 0.000000000000000000e+00
-1.422993181497991255e-01 -3.138970945828341019e-01 1.000000000000000000e+00
7.776703804019184929e-01 3.098463511029991846e-01 0.000000000000000000e+00
-2.527170701521028739e-01 3.295784778195800513e-01 1.000000000000000000e+00
-1.465516758470180037e-01 1.646713332742515412e-01 1.000000000000000000e+00
4.944943471050187167e-01 -9.552170160772988083e-02 0.000000000000000000e+00
-5.412262014721715975e-01 -7.439166598283344367e-01 0.000000000000000000e+00
-6.786957032571461212e-02 8.833291996390879586e-01 1.000000000000000000e+00
-9.598882897229685796e-01 5.161764120792877719e-02 1.000000000000000000e+00
5.362286466663754858e-01 -6.130642673705630763e-01 0.000000000000000000e+00
4.577845396766928587e-01 1.535514817057159753e-02 0.000000000000000000e+00
-7.061025365762141348e-01 8.407816080892005495e-02 1.000000000000000000e+00
2.130495546732935619e-01 -4.773546798488736975e-02 0.000000000000000000e+00
2.069345819548538135e-01 8.850833500812718135e-01 1.000000000000000000e+00
-2.813895663981136330e-01 7.702397889711816159e-01 1.000000000000000000e+00
-2.817637844804516956e-01 -6.978908699387456060e-01 0.000000000000000000e+00
-1.644560275559610041e-01 2.040867473683525279e-01 1.000000000000000000e+00
-2.390481706741849344e-01 4.743641597582053393e-01 1.000000000000000000e+00
8.629608559813422008e-01 -4.491741537254390071e-01 0.000000000000000000e+00
3.964552031433203894e-01 -7.716189666412838211e-01 0.000000000000000000e+00
-9.866493745904270085e-02 -8.222056122528054178e-01 0.000000000000000000e+00
-5.276802586293956043e-01 -6.218840932640417041e-01 0.000000000000000000e+00
3.346749135943578590e-01 8.381742788530683885e-01 1.000000000000000000e+00
-3.025704411506713321e-02 1.296060376296497285e-01 1.000000000000000000e+00
9.417937474288651245e-03 -5.470105800092051052e-01 0.000000000000000000e+00
2.359395524256333587e-01 -7.782243171981360064e-01 0.000000000000000000e+00
-1.694155499574789836e-02 1.240686105672401673e-01 1.000000000000000000e+00
1.028582534251263336e-01 -3.166289633632830558e-01 0.000000000000000000e+00
-2.571322965013760342e-01 4.656383877868641719e-01 1.000000000000000000e+00
-1.670230672541737071e-01 -5.600375227834142322e-02 1.000000000000000000e+00
2.511188154049932564e-01 8.056989623629893238e-01 1.000000000000000000e+00
2.191079159545683552e-02 -3.224357208400936425e-01 0.000000000000000000e+00
-4.876076780000087041e-01 -8.088330686392712909e-01 0.000000000000000000e+00
3.366161775742124718e-01 6.136429758187720296e-01 1.000000000000000000e+00
-2.765475860550425935e-01 4.172802146463063799e-01 1.000000000000000000e+00
-6.799025968617655735e-01 -6.521959773563090756e-02 1.000000000000000000e+00
1.242297015079063538e-01 -4.661741756920023683e-01 0.000000000000000000e+00
-3.307820338313767206e-01 -7.411938686958075007e-01 0.000000000000000000e+00
-7.477337216091588523e-01 9.895830425949592168e-02 1.000000000000000000e+00
4.158273416802595879e-01 1.132960466293835289e-01 0.000000000000000000e+00
-4.729260401266588421e-01 -4.759476238434783291e-01 1.000000000000000000e+00
-5.295818931673768049e-02 2.162855935233987115e-01 1.000000000000000000e+00
-8.793002244993706196e-01 -1.842649137594472020e-01 1.000000000000000000e+00
3.285528310146816899e-01 -8.835749653329383335e-01 0.000000000000000000e+00
-4.014458136383414200e-02 7.636330369447108524e-03 1.000000000000000000e+00
4.330983351482657895e-01 4.969912735180292973e-01 1.000000000000000000e+00
1.824197848525237475e-01 -1.176873231727715297e-01 0.000000000000000000e+00
-2.468032436895468695e-01 6.222667270956445673e-01 1.000000000000000000e+00
4.692666840318184818e-01 6.827087611927522559e-01 1.000000000000000000e+00
-8.053126892748148080e-01 -4.560458511819915906e-01 0.000000000000000000e+00
-3.083376553552290567e-01 -6.103145973565680116e-01 0.000000000000000000e+00
-8.741968000713522535e-01 -1.866868432144024315e-01 1.000000000000000000e+00
6.413722062479991770e-01 6.167431003627501518e-01 1.000000000000000000e+00
9.142954883624445639e-01 2.684332241060571889e-01 0.000000000000000000e+00
2.844905459935953562e-01 1.922161517182645607e-01 0.000000000000000000e+00
4.060704781403126074e-01 5.807122507272890477e-01 1.000000000000000000e+00
-2.496847021368857611e-01 7.119633598407526520e-01 1.000000000000000000e+00
-7.068570814793173618e-02 -2.469898244408592625e-01 1.000000000000000000e+00
-5.514816623328777645e-02 -5.998032940585551476e-01 0.000000000000000000e+00
-5.357957281773655378e-01 -1.526257866691795861e-01 1.000000000000000000e+00
9.211681807862903693e-01 3.729692933874149130e-01 1.000000000000000000e+00
-4.058440709981336880e-02 -8.847054632395778828e-01 0.000000000000000000e+00
6.599444333372779248e-01 -5.121733546114870528e-01 0.000000000000000000e+00
2.456749300957754567e-01 -8.349951848121350828e-01 0.000000000000000000e+00
-8.920136549985286933e-01 -3.897374707248408843e-01 0.000000000000000000e+00
4.381858332008754520e-01 -3.466329872109374932e-01 0.000000000000000000e+00
-7.203441794949987376e-01 -6.315947467353382194e-01 0.000000000000000000e+00
-6.155190013437654706e-01 -4.880724572698968977e-02 1.000000000000000000e+00
5.883505922530296584e-01 -1.561342652450985469e-01 0.000000000000000000e+00
8.204543151931833478e-01 4.353279750157252881e-01 1.000000000000000000e+00
3.220958600475340994e-01 -7.559714378598938467e-01 0.000000000000000000e+00
6.818810595538615793e-01 1.044434558900422250e-01 0.000000000000000000e+00
4.949185242588904909e-01 -2.741212447160483734e-01 0.000000000000000000e+00
-4.128935379666900385e-01 8.470020802107756097e-01 1.000000000000000000e+00
3.209013504483366752e-01 6.634977758797877545e-01 1.000000000000000000e+00
9.166359970503386023e-01 -2.129075672102507255e-01 0.000000000000000000e+00
6.257862167153760424e-01 6.517864495064280561e-01 1.000000000000000000e+00
-1.493484879130348997e-01 5.759384775223725939e-01 1.000000000000000000e+00
1.963601481665238069e-01 -1.267337153385621473e-01 0.000000000000000000e+00
-1.259834499610201775e-01 -8.265203963143636923e-01 0.000000000000000000e+00
1.849522108946990429e-01 9.251674156609841493e-01 1.000000000000000000e+00
-1.680549430268265532e-01 -6.601153910186374763e-01 0.000000000000000000e+00
3.387969235154755232e-01 -5.130107718309440124e-02 0.000000000000000000e+00
-5.969397649986303289e-01 -4.856729519996827449e-03 1.000000000000000000e+00
2.246562114014776235e-01 4.086411264877003457e-01 0.000000000000000000e+00
-9.273674850512343415e-01 -1.090606091248098597e-01 1.000000000000000000e+00
-1.481998106428170647e-01 1.975386957143852040e-01 1.000000000000000000e+00
2.479481562841188147e-01 6.158473318690083076e-01 1.000000000000000000e+00
5.439210326480359292e-01 -7.768639155299339460e-01 0.000000000000000000e+00
8.455571703128998973e-01 -4.396318157411327476e-02 0.000000000000000000e+00
6.903969908280209733e-01 3.455817081242207323e-02 0.000000000000000000e+00
7.701692655466603199e-01 7.846861741516097943e-02 0.000000000000000000e+00
6.387546836593258615e-01 4.388498986563060811e-01 0.000000000000000000e+00
-5.378844655853274315e-01 5.608850378886542920e-01 1.000000000000000000e+00
-7.762284420107290472e-03 -2.720217026277766958e-01 0.000000000000000000e+00
3.181428745690884075e-01 9.019378367029398103e-01 1.000000000000000000e+00
6.799394153610054392e-01 -5.341850759428707907e-01 0.000000000000000000e+00
-5.892786515983030604e-01 -7.866161226573629150e-01 0.000000000000000000e+00
4.335090393247569285e-01 5.746072005242779390e-01 1.000000000000000000e+00
-3.612079818622722094e-01 -5.944644336897155767e-01 0.000000000000000000e+00
1.315952112692926335e-01 2.768851293502911926e-01 0.000000000000000000e+00
9.649451796718016006e-01 -1.089902065343704152e-01 0.000000000000000000e+00
-8.120959085204964012e-01 -8.155277400284655087e-03 1.000000000000000000e+00
-2.813508128682424836e-01 -4.872539260304067366e-01 0.000000000000000000e+00
1.672706639136043449e-01 1.087956135087824183e-01 0.000000000000000000e+00
-2.959051915101451602e-01 7.538081592725620617e-02 1.000000000000000000e+00
-4.359738025583137500e-02 6.373878561339214599e-01 1.000000000000000000e+00
1.787113802396622653e-01 3.519530319924981665e-01 0.000000000000000000e+00
-4.851119118139419761e-01 -5.727881026744705562e-01 0.000000000000000000e+00
1.784322214065121592e-01 6.892225565670897502e-01 1.000000000000000000e+00
6.073495196842015886e-02 7.513818116702828398e-01 1.000000000000000000e+00
-2.618099570657572706e-01 1.123286048187892572e-01 1.000000000000000000e+00
-3.982006249852001467e-01 -7.037794834204889050e-01 0.000000000000000000e+00
5.680992439317484877e-01 3.746052707609659471e-01 0.000000000000000000e+00
-8.092219371866522515e-01 -4.249636640977128010e-02 1.000000000000000000e+00
7.165789053371001138e-01 6.839019520379059358e-01 1.000000000000000000e+00
-5.131335030000547803e-01 5.036803610306717083e-01 1.000000000000000000e+00
-5.890939929812228915e-01 4.824193281921604903e-01 1.000000000000000000e+00
3.813295763010593475e-03 -1.984059473854455913e-01 0.000000000000000000e+00
-6.991412102172025467e-01 2.632356374244748665e-02 1.000000000000000000e+00
-5.608479828410437573e-01 -2.968349191449020097e-01 1.000000000000000000e+00
4.636825246429341352e-01 -3.858984337764188588e-01 0.000000000000000000e+00
-2.193282620294934038e-01 -4.310189449778156767e-01 0.000000000000000000e+00
-6.045590233191193708e-01 -2.137624440103091938e-01 1.000000000000000000e+00
8.259134708658377733e-02 -8.335134186522008548e-02 0.000000000000000000e+00
1.484258420529145361e-01 -3.789508969160149121e-01 0.000000000000000000e+00
4.077974558409258599e-01 -6.530218983497233509e-01 0.000000000000000000e+00
6.378527668490605596e-01 3.859366620567263872e-01 0.000000000000000000e+00
6.922593483562897720e-01 -2.823555076748289761e-01 0.000000000000000000e+00
-3.561214322741179661e-01 2.265818389971505642e-01 1.000000000000000000e+00
6.423647941426464669e-01 -5.510913675769835152e-01 0.000000000000000000e+00
1.617887532756163704e-01 2.674627113123544397e-01 0.000000000000000000e+00
4.402712983136076730e-01 5.534034317885816456e-02 0.000000000000000000e+00
1.926122657687678874e-01 7.740113010465503596e-01 1.000000000000000000e+00
5.681989486224792163e-01 -5.444890649060782906e-01 0.000000000000000000e+00
-8.240246804215025644e-01 2.696248975644068846e-01 1.000000000000000000e+00
1.628900291575514636e-01 -1.139393345682564451e-01 0.000000000000000000e+00
4.832040622210813652e-01 3.818462703331919617e-01 0.000000000000000000e+00
-3.628005285093443000e-01 7.191120220061664181e-01 1.000000000000000000e+00
-6.265310191664879014e-01 -2.343965880676150970e-01 1.000000000000000000e+00
-4.454818987716262502e-01 3.530905891589337653e-01 1.000000000000000000e+00
6.816138922719616744e-01 -4.564085697270907627e-01 0.000000000000000000e+00
9.193839728065613670e-01 3.717101047246520462e-01 1.000000000000000000e+00
2.384094659094675439e-01 -1.146410774568897839e-01 0.000000000000000000e+00
-8.317405553755277126e-01 2.843435432649972228e-01 1.000000000000000000e+00
-7.252259721112914725e-01 -5.396137420595161771e-01 0.000000000000000000e+00
1.542738262059906162e-02 9.113047179431728040e-01 1.000000000000000000e+00
8.070707556306406794e-01 -5.749057236505357160e-01 0.000000000000000000e+00
-2.376578985502708630e-01 8.771971122891371042e-01 1.000000000000000000e+00
-4.089379662467700349e-01 -4.676198295750579881e-01 1.000000000000000000e+00
8.638841438027144992e-01 2.235842113544193044e-01 0.000000000000000000e+00
4.832899616957724298e-01 -4.917017581514699920e-01 0.000000000000000000e+00
3.942856754057830759e-01 1.867236454277532154e-02 0.000000000000000000e+00
-6.949368928307375626e-01 4.141270252346864744e-01 1.000000000000000000e+00
-7.664769810412539464e-01 -2.249967093563343123e-01 1.000000000000000000e+00
6.846902486905357410e-01 6.094772831035057958e-01 1.000000000000000000e+00
-6.826217759105974725e-01 5.108983990778590556e-01 1.000000000000000000e+00
-2.836343373607910223e-01 5.449371583696467347e-01 1.000000000000000000e+00
6.491946401278632095e-01 2.263588409288077585e-01 0.000000000000000000e+00
-8.617136288092042129e-01 -3.087183087035749729e-01 1.000000000000000000e+00
-7.703102448829728388e-01 -3.778254240083525062e-01 1.000000000000000000e+00
-3.640475279117951768e-01 8.926905374224081147e-01 1.000000000000000000e+00
-2.316531756774795614e-01 5.066565602006920521e-01 1.000000000000000000e+00
2.732195353219117884e-01 -3.033369690604139635e-01 0.000000000000000000e+00
3.220771820194923141e-01 -6.985220309384667647e-01 0.000000000000000000e+00
-8.529636554395589876e-01 9.982621716284367785e-02 1.000000000000000000e+00
-1.102803624642680891e-01 2.457484145571688927e-01 1.000000000000000000e+00
3.546289444259940193e-01 4.016665255334486151e-01 0.000000000000000000e+00
-9.113069155298481050e-02 -6.792511450892919633e-01 0.000000000000000000e+00
2.926193212447778524e-01 -4.848604454196110414e-01 0.000000000000000000e+00
-1.034867772948671050e-01 8.813656249142574062e-01 1.000000000000000000e+00
3.749816085924351228e-02 8.705870826972226251e-01 1.000000000000000000e+00
-8.746299387972182870e-01 5.625247471400629529e-02 1.000000000000000000e+00
-6.724186082170280354e-01 2.415294581655953454e-01 1.000000000000000000e+00
2.274730308051453598e-02 9.851795187944087928e-01 1.000000000000000000e+00
-4.440424589599667460e-01 -1.244614321338044505e-03 1.000000000000000000e+00
3.035831604514864779e-01 7.726403390954517114e-01 1.000000000000000000e+00
4.164890133374967718e-01 -3.650149356071401563e-01 0.000000000000000000e+00
-8.853016042177244138e-01 -2.395220060771880988e-01 1.000000000000000000e+00
-3.348278015979451183e-01 -7.029295950090881373e-01 0.000000000000000000e+00
-3.841375255194650062e-01 -1.969459061525751231e-01 1.000000000000000000e+00
2.391746858152368205e-01 -2.277107104114419744e-01 0.000000000000000000e+00
3.592162953803379466e-01 5.489843866210450951e-01 1.000000000000000000e+00
-2.936125825288902202e-01 7.822278266704054683e-01 1.000000000000000000e+00
-7.407484699937043615e-01 7.532974137213277466e-02 1.000000000000000000e+00
7.555793845513820717e-01 2.231172055295800316e-01 0.000000000000000000e+00
-3.646253928901235231e-01 5.119395222211164942e-02 1.000000000000000000e+00
-1.645839764730476773e-01 3.654765528882371051e-01 1.000000000000000000e+00
3.458057020837874695e-01 -6.982436634191575564e-01 0.000000000000000000e+00
1.632199757284273911e-01 4.191326512198494392e-01 1.000000000000000000e+00
-3.216415120299633834e-01 3.101240744172757413e-01 1.000000000000000000e+00
3.195032308659579989e-01 4.019376456300436384e-01 0.000000000000000000e+00
-3.810755235176221944e-01 6.082987394130678904e-01 1.000000000000000000e+00
-6.402926525703711569e-01 5.756381432135080356e-01 1.000000000000000000e+00
7.300384944740716531e-01 -5.739069043958819893e-01 0.000000000000000000e+00
-4.748505929194786201e-01 -8.544043757475023870e-01 0.000000000000000000e+00
-5.670659050270199231e-02 -2.569037512701375370e-01 0.000000000000000000e+00
-1.014025807023151149e-01 -5.317875782228234094e-01 0.000000000000000000e+00
4.963846259380466641e-01 -3.181147301673221683e-01 0.000000000000000000e+00
-8.371810002041464305e-01 3.904497318089634739e-01 1.000000000000000000e+00
2.200020752077520569e-01 -1.266318243416695299e-01 0.000000000000000000e+00
-4.098769881072970023e-01 -7.764673179691510274e-01 0.000000000000000000e+00
-2.223314752715159770e-01 -3.252933231076431397e-01 1.000000000000000000e+00
6.796347709939207782e-01 6.912935814909602072e-01 1.000000000000000000e+00
-2.812639856805263516e-01 5.451170278546662029e-01 1.000000000000000000e+00
-3.869407101879818178e-01 -3.227430541264055819e-01 1.000000000000000000e+00
-7.111295887318491715e-02 -7.826540546619256133e-01 0.000000000000000000e+00
-7.084096136804007848e-02 -2.046850056161986231e-02 1.000000000000000000e+00
-1.403983822098160417e-01 -9.161686347285196153e-01 0.000000000000000000e+00
-7.612855156327780204e-01 3.293549196963012626e-01 1.000000000000000000e+00
-3.864389940738242046e-01 5.887712306952428420e-01 1.000000000000000000e+00
1.018226514537035055e-01 3.405595120105797680e-01 1.000000000000000000e+00
5.371727470883715938e-01 4.489893794419623774e-01 0.000000000000000000e+00
6.119892394941541802e-01 2.246589211139022879e-01 0.000000000000000000e+00
-1.504951324953294201e-01 6.766985204172000223e-01 1.000000000000000000e+00
4.879633728615062616e-02 -2.595673852507207613e-02 0.000000000000000000e+00
-6.492512489360435790e-01 2.208317871025204937e-01 1.000000000000000000e+00
-2.182828186060481457e-02 1.370935145006233480e-01 1.000000000000000000e+00
-3.456521721070380249e-01 -7.922158907459060373e-01 0.000000000000000000e+00
-3.955491926428473803e-01 -1.091555676927888907e-01 1.000000000000000000e+00
-5.803237167348678227e-01 6.491738203421344444e-01 1.000000000000000000e+00
-7.917033345474342454e-01 -2.634802557373978615e-01 1.000000000000000000e+00
-1.455359903851722869e-01 -6.451063635650955419e-01 0.000000000000000000e+00
1.463204165167408810e-02 -3.331430522783358494e-01 0.000000000000000000e+00
3.077353179259840754e-01 -4.894835692612964362e-01 0.000000000000000000e+00
-6.858626465668922201e-01 4.132301161445537385e-01 1.000000000000000000e+00
-9.407345959052595408e-01 -5.633820050312232652e-02 1.000000000000000000e+00
-5.682417434722781824e-01 -6.150150884090095360e-01 0.000000000000000000e+00
4.752226800547469932e-01 8.361119608549312243e-01 1.000000000000000000e+00
-7.438789670810936894e-01 -9.207400564875034554e-02 1.000000000000000000e+00
2.697346721012279236e-01 3.382512636920305127e-01 0.000000000000000000e+00
-1.875342984603816099e-01 -1.815106447456880101e-01 1.000000000000000000e+00
5.324602267499571884e-01 -6.233953344101594851e-01 0.000000000000000000e+00
2.370479152332121142e-01 1.943742144674305283e-01 0.000000000000000000e+00
-4.464448864671379802e-01 -8.347071190607937563e-01 0.000000000000000000e+00
-2.996179254050195251e-01 4.714234336781484291e-01 1.000000000000000000e+00
-1.061857021032046600e-01 3.287990874302011424e-01 1.000000000000000000e+00
8.175225911413197544e-02 4.586409101113522180e-01 1.000000000000000000e+00
-3.303267543394432515e-01 8.227848507792312471e-01 1.000000000000000000e+00
4.900849429478038033e-02 9.302749251628104066e-01 1.000000000000000000e+00
5.354195382545960946e-01 -7.596796388476125816e-01 0.000000000000000000e+00
9.230234443818918777e-02 6.721079107159735333e-01 1.000000000000000000e+00
1.561333977984156185e-01 -7.123361274629602669e-02 0.000000000000000000e+00
7.945552015199552898e-02 -3.499067022892685674e-01 0.000000000000000000e+00
4.727487714656652962e-02 8.559491722547656334e-01 1.000000000000000000e+00
-2.211925787330715210e-02 3.788965511120645502e-02 1.000000000000000000e+00
5.047826846460923278e-02 -6.939473297231326665e-01 0.000000000000000000e+00
-4.991287609505861145e-01 2.536774339918563825e-01 1.000000000000000000e+00
1.702022644843368404e-01 -1.023826064090298527e-01 0.000000000000000000e+00
4.447996150601054577e-01 5.062316856435782331e-01 1.000000000000000000e+00
-7.546093283566939203e-01 3.344887668294502792e-01 1.000000000000000000e+00
-8.835985997274062864e-01 -1.598191707047320609e-01 1.000000000000000000e+00
8.062029369529013501e-01 -1.231769414814005703e-01 0.000000000000000000e+00
-1.595155643107466492e-01 2.307633868259213461e-01 1.000000000000000000e+00
5.062062340443378439e-01 1.459884480642537063e-02 0.000000000000000000e+00
-4.463302326322586833e-01 -1.627893243665834433e-01 1.000000000000000000e+00
4.848820506557951493e-01 8.167043023886331188e-01 1.000000000000000000e+00
-1.481995696705384891e-01 1.311651386231589278e-01 1.000000000000000000e+00
-1.723011050747333961e-01 5.593880422957404619e-01 1.000000000000000000e+00
6.589294456098784281e-01 5.548682555524313553e-01 1.000000000000000000e+00
-8.308650448816943257e-01 5.048591877689110330e-01 1.000000000000000000e+00
-5.304571324449116609e-01 7.648902294092807530e-01 1.000000000000000000e+00
1.428500748793100072e-01 -5.465706444769988792e-01 0.000000000000000000e+00
1.675492165572034509e-02 7.179792648908607244e-01 1.000000000000000000e+00
1.314399252603319912e-01 -3.442243641677888988e-02 0.000000000000000000e+00
7.943564402406002589e-01 -3.544413501915366638e-03 0.000000000000000000e+00
8.023185770175116360e-01 4.503203402789697218e-01 1.000000000000000000e+00
8.755615688170159672e-01 1.209325524779687466e-01 0.000000000000000000e+00
6.081011683623691599e-01 -3.531741177267617715e-01 0.000000000000000000e+00
-8.359113332757555082e-01 3.280479223157324320e-01 1.000000000000000000e+00
3.144828133847497043e-01 2.896968163136914853e-01 0.000000000000000000e+00
3.918071318215554655e-02 -8.185840309425462813e-02 0.000000000000000000e+00
1.170780723947371094e-01 9.176553277778878304e-01 1.000000000000000000e+00
-1.098866081679157336e-01 -6.299088610239194086e-01 0.000000000000000000e+00
4.546247959614579948e-02 8.683823226415676722e-01 1.000000000000000000e+00
1.038333620316527206e-01 -5.401161560390721483e-02 0.000000000000000000e+00
1.469981362773549183e-01 1.625607740283319114e-01 0.000000000000000000e+00
-3.620487271724841527e-01 1.557630236121219092e-01 1.000000000000000000e+00
5.918733119570185330e-01 -9.725066075264621190e-02 0.000000000000000000e+00
-3.397120575801111375e-01 -7.849109222132177877e-01 0.000000000000000000e+00
-4.767780214761070390e-01 -1.147307231943757166e-01 1.000000000000000000e+00
7.847222035450398536e-01 7.203804826394044625e-02 0.000000000000000000e+00
-7.244923259849898045e-01 2.098055795248114919e-01 1.000000000000000000e+00
3.816612914284123192e-01 -6.443454291555468227e-01 0.000000000000000000e+00
7.690609677793964760e-01 -2.759122089052874482e-01 0.000000000000000000e+00
-3.556374094470651226e-01 -2.279637076115665906e-01 1.000000000000000000e+00
4.611188701458719397e-01 -7.749315609629781054e-01 0.000000000000000000e+00
6.639218221434650680e-02 -6.838726786438287242e-01 0.000000000000000000e+00
6.859948683857199914e-01 5.605423499583046532e-01 1.000000000000000000e+00
4.823620012626192999e-01 -6.342444764579708849e-01 0.000000000000000000e+00
4.851577527867201312e-01 7.655228805278970761e-01 1.000000000000000000e+00
8.815301143614062696e-03 6.660011311859286298e-01 1.000000000000000000e+00
-4.450306946530648844e-01 3.773566708661018065e-01 1.000000000000000000e+00
-6.509861365435185565e-01 -6.198554200564794225e-01 0.000000000000000000e+00
-4.525713305211007675e-01 -8.616919016513069352e-02 1.000000000000000000e+00
-6.531265964401899993e-03 8.434857270665709894e-01 1.000000000000000000e+00
-6.031831153943669754e-01 -1.192181775471405913e-01 1.000000000000000000e+00
-3.740429692586999533e-01 -3.982177048145834064e-01 1.000000000000000000e+00
-4.698287926666577796e-02 2.639965419426699711e-01 1.000000000000000000e+00
-6.979248876310339966e-02 -1.510206755375831378e-01 1.000000000000000000e+00
-4.715223001878301456e-01 6.209659917978704868e-01 1.000000000000000000e+00
3.468947022223063392e-01 -1.971138914008161436e-01 0.000000000000000000e+00
9.663609122088221426e-01 -3.677244225751730156e-02 0.000000000000000000e+00
-2.981540508112792143e-01 1.947344102188566239e-01 1.000000000000000000e+00
4.473630716970387056e-01 -3.605392048362254798e-02 0.000000000000000000e+00
1.760986854348638442e-01 5.182443720193008474e-02 0.000000000000000000e+00
-6.270814863088751689e-01 4.759155926637950174e-01 1.000000000000000000e+00
-6.358492537038467063e-01 6.157928197656892255e-01 1.000000000000000000e+00
-7.448789575544068065e-02 -6.565259559043039594e-01 0.000000000000000000e+00
-6.177334936819742772e-01 2.188525314403566568e-02 1.000000000000000000e+00
-2.698621330458068623e-01 6.561828602270929345e-01 1.000000000000000000e+00
4.451648303117197170e-01 3.941976045782085158e-01 0.000000000000000000e+00
-9.049757369864168677e-01 1.263274466554953346e-01 1.000000000000000000e+00
2.329995497016954520e-01 1.390911980032722983e-01 0.000000000000000000e+00
-5.177524281611047829e-01 -1.406507468650448622e-01 1.000000000000000000e+00
2.113442857324547841e-01 9.491163679562426569e-01 1.000000000000000000e+00
-2.153801820336787021e-01 -9.477181256608946391e-02 1.000000000000000000e+00
-2.589170337228827723e-01 -8.817884266931304005e-01 0.000000000000000000e+00
2.180372505815895146e-01 -5.362782362897202670e-01 0.000000000000000000e+00
5.907719122818237967e-01 1.495331586926058609e-01 0.000000000000000000e+00
5.678888408745508265e-02 -8.404266980434069723e-01 0.000000000000000000e+00
-1.020456780011087528e-01 -4.581055398351698837e-01 0.000000000000000000e+00
-2.164121059948833636e-01 4.497810723155701851e-01 1.000000000000000000e+00
5.898606193472195613e-01 2.344835520416856944e-01 0.000000000000000000e+00
1.742502216484087540e-01 9.179444412976445200e-02 0.000000000000000000e+00
7.928903820525388113e-01 -1.579343410677802595e-01 0.000000000000000000e+00
8.230810818840794685e-01 -3.452651255763905525e-02 0.000000000000000000e+00
4.756399317502377766e-01 6.720525437244657674e-01 1.000000000000000000e+00
1.925950252381993799e-01 5.099274245906326719e-02 0.000000000000000000e+00
3.802506232396130059e-02 -3.162706262281969050e-01 0.000000000000000000e+00
-6.540940360256211061e-01 -4.252290648834156084e-01 1.000000000000000000e+00
-7.409912448189324152e-01 3.521944995580532645e-01 1.000000000000000000e+00
3.352362216061925970e-01 8.970581909756676353e-01 1.000000000000000000e+00
8.435582982641376404e-01 -2.221155983181521965e-01 0.000000000000000000e+00
-6.382631468502963923e-01 -6.845659520286624389e-01 0.000000000000000000e+00
3.505348829263845722e-01 3.710521126012944482e-01 0.000000000000000000e+00
2.135856558321540533e-01 -9.196105226495705498e-01 0.000000000000000000e+00
4.458768282911296232e-01 1.593241199175094991e-01 0.000000000000000000e+00
2.630693783608544223e-01 4.144545145907478911e-01 0.000000000000000000e+00
-8.477853144451399370e-01 1.405485601629823389e-01 1.000000000000000000e+00
-2.485942529228184483e-01 5.926714721535562003e-01 1.000000000000000000e+00
-1.432088911574067591e-01 -4.792004410381314194e-01 0.000000000000000000e+00
3.022782008412239207e-02 8.743503429728987086e-01 1.000000000000000000e+00
6.543500857977655460e-01 4.083320875699116836e-01 0.000000000000000000e+00
7.867746045188972470e-01 -3.965025431853619331e-01 0.000000000000000000e+00
7.400281668696169213e-01 -6.630146229338755859e-01 0.000000000000000000e+00
-6.038001178233975974e-01 3.113197051977700802e-02 1.000000000000000000e+00
-6.127300161324944483e-02 4.741609801464798934e-01 1.000000000000000000e+00
2.206076416791515893e-01 -9.112123211801872458e-01 0.000000000000000000e+00
3.500928485230434539e-01 -2.425351897157181913e-01 0.000000000000000000e+00
-7.951060878552900224e-01 1.434968053733487459e-01 1.000000000000000000e+00
8.436803530486249869e-01 -4.122783434410903780e-02 0.000000000000000000e+00
1.555278682292429160e-01 2.616520329381084586e-01 0.000000000000000000e+00
3.392743925799559523e-01 1.300198701656256617e-01 0.000000000000000000e+00
-6.860529000476225381e-01 -3.367194055367466188e-01 1.000000000000000000e+00
4.958696007465954736e-01 3.458695060614962458e-01 0.000000000000000000e+00
3.058252938188270598e-01 2.784946224497841794e-01 0.000000000000000000e+00
8.532029076164500125e-01 1.445060224161467399e-01 0.000000000000000000e+00
4.453044550594520423e-01 -4.344853884136268274e-01 0.000000000000000000e+00
3.965662789298061153e-01 8.905341673240221301e-01 1.000000000000000000e+00
8.075958195978401033e-01 5.337346644915330618e-01 1.000000000000000000e+00
-2.680775083434161488e-02 -3.216873899824910232e-01 0.000000000000000000e+00
-8.924514081964662893e-02 -4.999753787606928679e-01 0.000000000000000000e+00
9.240323034881463560e-01 1.641021004868870037e-02 0.000000000000000000e+00
5.745169658993771744e-01 4.188704534839331473e-01 0.000000000000000000e+00
7.875922470732619196e-01 3.407372189405220020e-01 0.000000000000000000e+00
7.854461462380588621e-01 4.654733728395217263e-01 1.000000000000000000e+00
-5.330462007564193971e-01 -6.567934861665094548e-01 0.000000000000000000e+00
-2.793601839069963511e-01 9.309784186498670788e-01 1.000000000000000000e+00
-7.420811379203275937e-01 -4.390531854456647398e-01 0.000000000000000000e+00
2.200022427362116062e-01 -4.792338711827843767e-01 0.000000000000000000e+00
-9.061684969793959432e-02 6.084681387172614642e-01 1.000000000000000000e+00
4.914684632784018792e-01 1.778730254761751173e-01 0.000000000000000000e+00
4.820887829375268829e-01 -1.976763212951486715e-01 0.000000000000000000e+00
-5.001613483839759677e-01 5.831678924999892377e-01 1.000000000000000000e+00
4.803375194181307428e-01 8.194584555949622207e-01 1.000000000000000000e+00
9.649102934353368521e-01 2.229832092092407514e-01 1.000000000000000000e+00
2.014091046886383740e-01 -5.465949844250013179e-01 0.000000000000000000e+00
4.837199696401999205e-01 1.027781398442662031e-01 0.000000000000000000e+00
-7.652221798668039643e-01 5.757952325612807343e-01 1.000000000000000000e+00
5.742903949580215883e-01 -4.900710029575228166e-01 0.000000000000000000e+00
8.628261290699974495e-01 -1.228099342944091177e-01 0.000000000000000000e+00
5.892705595668152885e-01 -4.602957934108495852e-01 0.000000000000000000e+00
2.963949947651505212e-01 8.290137730601259136e-01 1.000000000000000000e+00
-4.199950863079378038e-01 3.720250737189882972e-01 1.000000000000000000e+00
2.102810934242078655e-01 4.165522975806339456e-01 1.000000000000000000e+00
-6.619913560872072722e-01 1.415361420004037640e-01 1.000000000000000000e+00
-8.361790290059596398e-01 -3.978358089056326374e-01 0.000000000000000000e+00
9.776440831164541212e-01 1.965323709468762559e-01 1.000000000000000000e+00
5.940387729023406393e-01 -3.644477074261771588e-01 0.000000000000000000e+00
-5.896974059468047535e-01 -2.301559030063058398e-01 1.000000000000000000e+00
9.003264329892579632e-01 -8.760917688776226342e-02 0.000000000000000000e+00
-4.440734008829532176e-01 -3.000671606250688850e-01 1.000000000000000000e+00
6.321528374664611150e-01 -1.375388606206457975e-01 0.000000000000000000e+00
5.628992408064978914e-01 6.150326236424816795e-01 1.000000000000000000e+00
8.431374263669715319e-01 -1.989431740472471510e-01 0.000000000000000000e+00
7.729922178603190197e-01 2.717764391677677249e-01 0.000000000000000000e+00
-1.968476913049266308e-02 7.780289368137645045e-01 1.000000000000000000e+00
-6.570846928050946278e-01 2.587732244891376432e-01 1.000000000000000000e+00
-2.676809538966609114e-01 -3.243433645384656838e-01 1.000000000000000000e+00
-3.339460230114572603e-01 -4.917915741725265022e-02 1.000000000000000000e+00
9.072446196897236970e-01 -1.290270363751508942e-01 0.000000000000000000e+00
-6.232721769285387570e-01 -4.206962630178752161e-01 1.000000000000000000e+00
5.853771425315148491e-01 6.006832653958851242e-01 1.000000000000000000e+00
-7.282980410181461028e-01 -2.142007150653018055e-01 1.000000000000000000e+00
-8.226886691822798969e-01 -1.846696294230008029e-01 1.000000000000000000e+00
-3.988609357630443775e-01 -2.155644748287015577e-01 1.000000000000000000e+00
-7.582756132034687013e-01 4.391006979355687179e-01 1.000000000000000000e+00
-9.110425958065513363e-01 5.939994955163951929e-02 1.000000000000000000e+00
-8.415911763254577682e-01 4.748743746239856289e-01 1.000000000000000000e+00
-4.801683846337967410e-01 7.020942411776274206e-01 1.000000000000000000e+00
-3.321493587216408638e-01 -5.584854042192510803e-01 0.000000000000000000e+00
-1.418672513742726959e-01 -9.453730685345591578e-01 0.000000000000000000e+00
-1.733685812664509385e-01 -8.305238348761829759e-01 0.000000000000000000e+00
6.172149589800544067e-01 -7.748547276475854506e-01 0.000000000000000000e+00
-9.840312962797503893e-02 2.545701658202896844e-01 1.000000000000000000e+00
5.989020080908806776e-01 5.518968838037767721e-01 1.000000000000000000e+00
5.620622565028376982e-03 1.216480914438149430e-01 1.000000000000000000e+00
2.451406223783547667e-02 -2.884721622444308409e-01 0.000000000000000000e+00
-6.982526209517470051e-01 -4.291053678410250427e-02 1.000000000000000000e+00
-6.868222492905575738e-01 -3.315502667855518837e-03 1.000000000000000000e+00
-2.342004602397951274e-02 4.441825241772989763e-01 1.000000000000000000e+00
4.832637867633740036e-01 -7.817993635533437846e-01 0.000000000000000000e+00
-6.108377977778964851e-01 4.917184074602081179e-01 1.000000000000000000e+00
-8.368918854625357895e-01 -4.594885429706292435e-01 0.000000000000000000e+00
-4.014453949678631339e-02 -5.689670588863200429e-01 0.000000000000000000e+00
-2.828631269962638140e-01 3.248203350616130081e-02 1.000000000000000000e+00
3.935171913903130481e-01 -7.089239823863546786e-01 0.000000000000000000e+00
4.221881657457429160e-01 -8.023550325477637468e-01 0.000000000000000000e+00
5.397631441853851797e-01 8.359629232932475063e-01 1.000000000000000000e+00
5.793393431622733125e-01 -2.842105987364484943e-01 0.000000000000000000e+00
1.233823131336311274e-01 -9.191591114585009326e-01 0.000000000000000000e+00
2.571042037906170474e-01 5.247860754256279403e-01 1.000000000000000000e+00
-8.866240880163018812e-01 -1.821503201231224889e-01 1.000000000000000000e+00
8.535871826410621477e-01 2.721837446007329131e-01 0.000000000000000000e+00
-9.366704740535674034e-01 -1.618826418486027929e-01 1.000000000000000000e+00
1.559077319062573963e-02 3.554091292739753882e-01 1.000000000000000000e+00
2.036033825073679804e-01 2.859592559434829262e-01 0.000000000000000000e+00
-5.378804869335684913e-01 -4.234325737308466397e-01 1.000000000000000000e+00
-8.271026823310174692e-01 3.327698873817634961e-01 1.000000000000000000e+00
-2.301426203219756328e-01 -2.044737463879493511e-01 1.000000000000000000e+00
3.595858890070180447e-01 7.240641054313881053e-01 1.000000000000000000e+00
2.771719208851450844e-01 4.442966277192099689e-01 0.000000000000000000e+00
7.944912056341197903e-01 2.467300846927460434e-01 0.000000000000000000e+00
9.777921227236450186e-01 9.776367350798031985e-02 0.000000000000000000e+00
5.015374871769755494e-01 -2.166887304649323109e-01 0.000000000000000000e+00
-9.542847939013152647e-01 -1.807534152901915103e-01 1.000000000000000000e+00
-9.570740977379763592e-01 2.037232758590676873e-01 1.000000000000000000e+00
-6.923142841851646079e-01 5.635941906092529763e-01 1.000000000000000000e+00
-2.678726209336996789e-01 -3.180551763182002389e-01 1.000000000000000000e+00
-8.083569757434450054e-01 4.060006761353502913e-01 1.000000000000000000e+00
1.321880897126013199e-01 1.304212430032603010e-02 0.000000000000000000e+00
8.673264046375428471e-02 1.569699856859199105e-01 0.000000000000000000e+00
-4.427878469128929684e-01 -8.452276319680662731e-01 0.000000000000000000e+00
-5.779073270089924996e-01 -2.331654810054559768e-01 1.000000000000000000e+00
-6.630979097677136558e-01 3.395268117574379296e-02 1.000000000000000000e+00
8.300002807493800372e-01 1.169339835243552450e-01 0.000000000000000000e+00
6.157010450871363005e-01 -6.018620722911838250e-02 0.000000000000000000e+00
-9.527671718209811402e-01 -1.686006422883439271e-01 1.000000000000000000e+00
-8.957469611585404667e-01 3.333183869986608983e-01 1.000000000000000000e+00
